695,4
695,3
695,2
695,1
695,0
694,4
694,3
694,2
694,1
694,0
693,3
693,2
3,1
3,3
693,1
693,0
661,3
661,1
660,3
660,1
659,3
659,1
658,3
658,1
657,3
657,1
656,3
10,107
656,1
655,3
10,277
655,1
654,3
654,1
653,3
653,1
652,3
10,139
652,1
641,3
10,185
641,1
640,3
10,223
640,1
10,65
639,3
10,247
639,1
638,3
10,29
638,1
637,3
637,1
636,3
11,28
636,1
635,3
11,9
635,1
634,3
11,30
634,1
632,3
632,1
631,3
9,5
631,1
629,3
629,1
627,4
627,3
627,1
623,3
9,7
623,1
621,3
8,16
621,1
8,5
618,3
8,9
618,1
616,3
0,467
616,1
615,3
12,2
615,1
12,1
613,3
12,3
613,1
610,3
610,1
607,3
607,1
606,3
606,1
605,3
605,1
598,3
598,1
597,3
597,1
595,3
595,1
594,1
594,3
20,3
20,2
20,1
19,3
19,2
19,1
11,27
11,21
11,19
11,17
11,1
11,11
