118,1
118,3
116,1
116,3
115,1
115,3
215,35
10,80
10,246
10,204
10,150
10,18
10,226
11,15
11,18
11,8
11,10
11,13
11,23
11,29
11,2
11,3
8,14
8,12
8,13
8,18
12,2
12,1
12,3
214,3
214,2
214,1
214,0
213,3
213,2
213,1
213,0
212,3
212,2
212,1
212,0
20,2
20,1
20,3
211,3
211,2
211,1
211,0
210,3
210,2
210,1
19,2
210,0
19,1
209,3
19,3
209,2
209,1
209,0
208,3
208,2
208,1
208,0
207,3
207,2
207,1
207,0
206,3
206,2
206,1
206,0
205,3
205,2
205,1
205,0
204,3
204,2
204,1
204,0
184,5
184,4
184,3
184,2
184,1
184,0
137,3
137,2
137,1
137,0
136,3
136,2
136,1
136,0
135,3
135,2
135,1
135,0
134,4
134,3
134,2
134,1
134,0
133,3
133,2
133,1
133,0
132,5
132,4
132,3
132,2
132,1
132,0
131,3
131,2
131,1
131,0
130,3
130,2
130,1
130,0
129,3
129,2
129,1
129,0
128,3
128,2
128,1
